1.617964779843891066e+01
4.277594656172939125e+01
-2.512849671321047396e+01
1.221147117892379264e+01
9.413376357635838687e+00
2.290743225838846087e+01
-1.044434711174730168e+01
-2.499571120352538145e+01
2.467154502613491118e+00
4.075838242926334232e+00
9.553837085581577071e+00
3.852315400768349463e+01
1.321976728756181174e+01
-7.742980248204325733e+01
2.562461165422796228e+01
4.639004135395833117e+00
-3.012041294647428202e+00
-4.922418481040473637e+01
-5.160044535764185980e+00
2.740278625147117353e+01
-4.628903123689196875e+00
3.788386421614530430e+00
8.037786013408927843e+00
-2.327997800080980539e+01
-3.616190873349685120e+01
-3.528646562353671357e+01
1.419217199335047752e+01
4.033364206137425967e+00
1.193785073099812877e+01
-8.283472321548419615e+00
1.857442702462023831e+01
-2.589730772569796002e+01
-3.437890724026652833e+01
-5.239534178219925309e+01
-2.943268956654071289e+01
1.692285595276421617e+01
-1.470015935492602743e+01
-1.292959027270671157e+01
-1.586312939273778255e+01
9.324918444106495841e+00
6.622761106445700818e+00
2.047399948135520376e+01
3.390861664538834219e+01
3.256660585451436418e+01
-3.392759749778374356e+01
-1.303933331958304365e+01
-6.670322226571189894e+00
4.446247243611946942e+01
4.114322865775597649e+01
3.026662373570687947e+01
1.812892591599237591e+01
8.884624257641124956e+00
-1.055573633155038493e+01
5.130840917737971907e+00
1.430102137677820551e+01
1.057531475939292243e+01
-2.263315108247477525e+01
6.520295297516983446e+00
6.048173001508913416e+01
-2.782588055614798961e+01
3.610820723368873164e+00
7.327704157934977758e-02
2.140123062782450347e+01
6.125084971118557320e-01
-3.832376502392047968e+00
-2.395800089121689069e+00
2.797151241679441824e+01
3.589249391282240964e+00
-2.564696480786196986e+01
-6.359160638453705161e+01
5.507779416668995509e+00
-3.958708888031144113e+01
1.065532329216791751e+01
-2.829466123596958838e+01
2.785192526469454322e+01
3.813330416684977564e+01
1.416935596723016744e+01
-2.020344530041997544e-01
2.739689453957981158e+01
5.424062187824553405e+00
-5.764217142622210588e+01
-1.291150212015353915e+01
-2.492085995207388294e+01
6.340321544358044292e+01
-4.213027680504039552e+01
-9.046490285118414576e+00
-2.953939892556025626e+01
-3.462178711965400169e+00
3.665072877557820163e+01
2.467862677854213871e+01
-2.166717779001438515e+01
7.136056482156475056e+01
1.233355729589040983e+01
2.724981504037029367e+01
-1.648485672898257093e+00
-3.849985969661804575e+01
2.406405841993495898e+01
1.499823559205483825e+00
4.842116075946165665e+00
-3.833060036137546689e+01
-7.970822663917982709e+01
2.550515144427441072e+01
-6.652572169985188566e+01
1.568314504654251174e+01
1.206240573666664773e+01
-2.262034143841505340e+01
-2.252909290908203488e+01
-2.628076519060507366e+01
4.585415073662715457e+01
-3.608072126512625744e+01
-1.395670204005161352e+01
-1.372329443803259963e+01
-6.423865476417410036e+01
-1.278161480728272892e+01
-4.826140488597675926e+01
1.283223977711500652e+00
2.441446884120562544e+00
3.156444786592677332e+01
-4.774688665104843466e+01
-2.235644237774213750e+01
7.878013952214033111e+00
-1.676583259410243887e+00
1.540405055835666914e+01
2.481729747880057957e+01
-1.988119397849960279e+01
1.833705957023568089e+01
-5.729877072763508039e+01
-3.701305346548505781e+01
-3.146244626377870190e+01
2.816968758022782993e+01
1.336556956290055354e+01
-2.932036096968094085e+01
1.749403404405854801e+01
-1.876479236810219930e+01
-2.846857708891301542e+01
6.248687848940814860e+00
-4.487146345469406583e+01
2.612783395938520670e+01
1.120097213445482680e+02
2.206798366745370998e+01
1.098621152835501391e+01
7.854135959142638512e-02
-1.317973475278631135e+01
6.463688178441103105e+01
-3.701934112511138242e+00
9.330304625112060535e+01
-1.203618996122575169e+01
-4.568943141992566837e+01
4.045342186250074690e+01
-1.791295368903046992e+01
1.337995067373714875e+01
-1.897381287377225689e+01
5.346829068284883846e+01
2.441056199507471192e+01
-3.649024497637627817e+00
-2.612584010270235169e+01
-1.950202801549490061e+01
-7.677378946816348027e+00
1.491413306558524177e+01
1.491054597524336600e+01
-9.515110649812829280e+00
-3.780730547920979490e+01
7.786174103309948080e+00
4.229994143704531240e+01
1.801389033317750332e+01
9.762585231137956399e+00
1.908610514163229865e+01
-1.844046550122166650e+01
3.304807532316863217e+01
4.187726614016770554e+01
8.393199676240488571e+00
-1.757772053277628643e+01
2.675307057882289286e+01
3.614498965488405879e+00
-1.506838894566979725e+01
-1.010469682114542991e+02
4.154905708796118091e+00
2.887249121163155152e+01
6.186434462832411896e+01
3.207314679634374244e+01
-4.628666618832238555e+01
8.894255487742437793e+00
3.833591046403748237e+01
-3.363707912072504058e+01
1.590381283769170651e+00
7.679939359125930309e+01
5.448556509999050945e+01
-7.230840681167636674e+00
2.198273922565082117e+01
-5.257894263753755126e+01
-5.578746808863621709e+01
4.805894945238102167e+01
-1.371341079249830841e+00
-3.722481497366549519e+01
-3.034385641024967839e+01
2.154171747641608192e+01
5.255938226305072902e+01
5.669975564716815519e+00
4.540050219305848955e+00
5.291570181408988560e+01
-1.604819960787622790e+01
1.413652013234353078e+00
-1.919865990716344228e+01
1.527924862092203639e+01
-1.626926376453721446e+01
8.626714618444799498e+01
-1.762024541627750196e+01
1.551403278102398531e+01
-3.126309706707521485e+01
2.830170684223997313e+01
-2.730876810281566947e+01
2.669140064782194699e+01
3.954902760622778146e+01
6.681940370695198084e+00
-6.737121879025071536e+00
2.045633701515580327e+01
-2.624501112049744123e+01
7.988577420733358281e+01
2.367628188363688579e+01
2.048230444569366071e+01
1.317009087488781205e+01
-1.548331738697850213e+01
-8.989036105039485847e+01
-6.055831367682078792e+01
-1.608407097248057838e+01
2.399523596110509516e+01
1.410177392237709348e+01
2.217501837350697613e+01
4.851888342446982527e+00
5.804525971101787718e+01
2.965640423579680629e+01
6.950677303480766511e+00
2.740789440062045657e+01
5.706699051738767992e+01
-9.131465260882459134e+00
-3.236527350560498117e+00
2.458174889286221898e+01
4.387280641208059606e+00
3.833438336551081704e+01
6.461501941325965781e+00
-1.938557564033990843e+01
-6.625698901962824294e+00
-3.779543393806336127e+01
5.512546116048119416e+01
3.933808929498957241e+01
4.613915238136334551e+01
3.306169557998165232e+01
4.308022646241528975e+01
-3.191463905652724975e-03
1.250146630875603648e+01
-2.417327415889207742e+01
4.857263529560098192e+01
7.704113502816433368e+00
-4.389450505006808356e+01
5.581645674781348987e+01
1.971626208451899842e-01
-3.239909785434690548e+01
2.619411438596005937e+01
4.062107263158087989e+01
2.326697499187400098e-01
2.286747337913652345e+01
6.120622884435042721e+01
1.871357868806026659e+01
-4.838082341542423137e+01
9.361135814326411619e+00
-2.626277271898370103e+01
3.575518885316878226e+00
-2.209048422143195722e+01
1.431982797637266636e+01
-2.019305785782093565e+01
2.974581986627498509e+00
-9.753462758116755893e+00
2.406710331671506253e+01
2.562143532975667171e+01
-9.270143172570952217e+00
-2.351241829975012365e+01
-3.128410258076224082e+01
4.884218787755897750e+01
3.570572305225591947e+01
3.046030564281909392e+01
-5.810544501176578081e+01
-4.633822560603762852e+00
-3.602032284003364282e+01
7.673209806616666739e+00
-7.095612583829833397e-01
-4.538601405218145146e+00
-4.826788189843776422e+01
3.764839880570503894e+00
-4.579235664493332081e+01
7.089500666755532166e+01
-3.914317920994127320e+01
2.446807036486248421e+01
1.961716266822303467e+01
1.749968832601969382e+01
3.050646274370571120e+00
1.367236901480158551e+01
-6.086209327999800678e+01
3.847947378130923468e+00
-1.552026374777845064e+01
-1.630004043407543790e+00
3.368147233123544027e+01
-8.554743050129971493e+00
-1.240115134047794143e+01
-9.399115693591646448e-01
-1.982982740762757601e+00
8.343301389046445138e+00
4.551240525129543357e+01
-7.066767238180478472e+00
9.224622684582260490e+01
2.782975831709522652e+01
3.253429747306566355e+01
-6.668749455618492306e-01
-2.071488683301532241e+00
-2.881182497977803081e+01
-2.722375321706041262e+01
-2.180213629366853212e+01
-4.488996835558336329e+01
2.916093947012855736e+00
-2.415837943963420997e+00
-2.397904752624144820e+00
3.633538094739930813e+01
-6.447750244411952103e+00
7.263604801237070774e+01
-2.306824200218366627e+01
1.982468732701521930e+01
2.184491047584323553e+01
-9.552059924970503602e+00
1.478505298894431874e+01
5.975257536481076670e+01
1.511786592015354103e+01
6.898060200005694753e+01
4.322729870594353230e+01
3.680062853516999866e+01
-3.052384362058218414e+01
3.299202142469434662e+00
-1.346068243366630668e+00
-5.750843119346870935e+01
-1.185194132621481344e+01
6.311908948223432958e+01
-4.189445483882124677e+01
1.695641788302836517e+01
-3.177165401712111859e+01
1.908153306331975685e+01
5.036859968172823443e+01
4.450228201668490158e+01
-6.026604073518554117e+01
1.143794773277669208e+00
2.548862298065867904e+01
-7.868405525126976663e+00
-2.343162093546460767e+01
2.968068878001792399e+01
-4.114616320702602081e+01
3.570771663560844900e+01
-3.799003422522618223e+01
-4.629185821212847429e+01
3.874746413608907147e+01
4.285165742551557244e+00
1.209911119564684583e+02
-1.939406870788493720e+01
-2.204689542091517751e+01
-5.178269852286699404e+01
-3.818821716729802418e+00
2.130998193409368113e+01
1.353820077170738045e+01
3.473906632981469755e+01
3.597215559408419949e+01
5.131123060694072535e+01
-7.320917271983751107e+01
-5.379382235789017130e+01
7.015659072132951479e+00
3.689612018551593309e+01
-1.571579124468902933e+01
3.011455198074413886e+01
1.918880681958453849e+01
3.477665497217478219e+01
-1.172561736249370945e+01
-5.561468440937430557e+01
-3.018956784511529179e+01
2.606838995692989869e+01
3.420430608612194590e+01
-4.085020372507654152e+00
4.070586713493316466e+00
3.655298911366331538e+01
3.718255651313334198e+01
5.696481340333010124e+00
2.343353558672047399e+01
6.158259271887842345e+01
-7.342509347214698323e+01
-6.198514532856328252e+00
3.810192746375889783e+01
3.169560968671201096e+01
-6.057414517065925708e+00
-3.078834069525261619e+00
-1.589743035882207600e+01
-6.035353497371097831e+01
3.298895313813954289e-02
4.338020899386766871e+01
3.507967777721404445e+01
2.201424341631445714e+01
-4.122761393312137557e+01
-4.880983267083692567e+01
-1.028397541752574185e+01
-7.414042065810658499e+00
3.532814839244174721e+01
-9.791349851727812137e+00
3.032151494854669238e+01
3.701698611460474808e+01
4.302528575062510185e+01
2.585477373259645262e+01
1.494176458443523359e+01
6.982117249397189696e+00
-6.281686798219813284e+01
-4.559077809555829930e+01
-1.748523160889117278e+01
-4.143070452551570071e+01
-6.823574871725337943e+00
-5.461948466313299377e+01
7.730637673986242930e+01
3.445657988928363125e+01
-4.081444320053126518e+00
-1.715501644379344626e+01
-7.127051844858838692e+00
3.535977774507715310e+01
3.895898905151594960e+01
-1.213892619838807807e-01
1.529830183460598292e+01
3.459546514977672871e+01
-6.987992978149080159e-01
-9.383060896841783460e+00
-7.545824666013045245e+00
3.299405700806850916e+01
-1.313224517865635654e+01
-3.965252425836034433e+01
4.457199485009972761e-01
7.495218124222384404e+01
8.260218828094940591e+01
2.038427879355951333e+01
1.187545519626273460e+01
-1.962136392394793205e+00
-1.565116786369818591e+01
-4.995932170218598856e+01
4.199399051658242854e+01
6.192444476956997335e+01
-2.132081469425061471e+01
-1.301414594821374671e+00
5.864448121500458910e+01
-5.820658838224108678e+00
9.829283932808738911e+00
-1.128393398927424407e+01
7.019715043592526627e+01
1.757732447486817051e+01
5.280838091832081460e+01
-1.272657733402893498e+01
1.931876035032428973e+01
-3.981388393813407589e+01
-1.087011111265655394e+01
-5.509014980894262337e+00
-3.440962649221498992e+01
1.644688613280295186e+01
1.404856391646913849e+01
1.849799669320187334e+01
2.615821183512515802e+01
2.245005475809458417e+01
-6.555664712093296487e-01
4.098813618837844786e+01
3.100487361819705967e+00
3.719948258106864358e+01
6.052925715535205597e+01
2.620588789595005608e+01
1.430300784675909043e+00
3.205966116451702419e+01
3.077339202572831311e+01
1.041265129523370092e+01
5.298380467621829126e+01
8.743436119106171134e+01
3.714346080251876003e+01
5.225974834961828464e+00
6.176947445051321495e+01
4.701688709623660145e+01
-2.268095258685447746e+01
1.678019474474311323e+01
-2.647580736863460515e+01
1.016134998944660595e+02
9.286446728636128967e+00
-4.336169957567501854e+01
2.612598441366034407e+01
1.186470577857897979e+02
-4.318485355557263716e+01
1.476161716134890511e+01
2.860516452255974329e+01
7.157090108800086448e+00
7.808709893148819958e+01
4.575908954123555361e+01
-2.714954632180274174e+01
3.211383727171202906e+01
1.650536573037728161e+01
-1.786672492568838777e+01
3.957625966579696453e-01
2.096323247946971691e+01
-5.017067478722307072e+00
-6.458601197326387933e+00
-2.768884962409313033e+01
4.109298176894134258e+01
2.375302916618883131e+01
1.564243005542524045e+00
3.112965072856937354e+01
4.015538238604277410e+01
-4.954213900910425394e+01
1.687160859910019894e+01
-5.844254881477204400e+00
5.325314666557338228e+01
-4.892503847448637089e-01
2.865589611016119420e-01
1.877228650772927665e+01
2.496941467986687968e+01
4.264822903408403931e+01
2.317492831749451199e+01
-6.437859584707905469e+01
-3.347837286150483038e+01
-4.161726795954513847e+01
-5.454721223707318956e+01
-1.448209876136793639e+00
5.849176581446346290e+01
8.198596978168165350e+00
3.423929062943980028e+01
2.540056814702995069e+01
1.760808918896595543e+01
-4.636659430283640404e+01
6.902044022972330595e+01
6.150913983701011389e+00
-1.807136012842983419e+01
-7.171212118572300653e+01
-2.647180926903643439e+01
1.384598473014966658e+01
1.777310572727930804e+01
6.472519407592295693e+01
-5.423580641340056729e+01
-7.806027047756224135e+00
5.587935015875983424e+01
-3.839751347056169095e+01
-2.170913981661818681e+01
2.283925052459148475e+01
5.010401888251873004e+01
-1.073937159975054279e+01
1.985446042041585812e+00
5.728723032625527622e+01
4.784563437287145504e+00
3.086831014390664762e+01
-1.036185327770140319e+01
6.145130191387131902e+00
-2.449828690729452418e+01
2.247183484938842213e+01
-7.915433754028256885e+00
-5.373782621193427644e+00
3.717320360935456591e+01
4.199723595211149352e+00
2.799487719451904866e+01
5.454916671925016658e+01
-3.716156207979211246e+01
-3.031610886130910565e+00
-2.327559483822468422e+01
2.246673920266285762e+01
3.595233824615618801e+01
1.831766452971997694e+00
-5.182534570238000526e+01
1.377580424186128738e+01
3.159510673816731341e+00
-1.516569636227245610e+00
4.048587495530986757e+01
7.756633074065996425e+01
-7.445480764197853318e+01
1.398283404285535880e+01
2.520013995520841021e+01
1.118137339857642232e+01
2.821866818514667585e+01
-1.481451907639107191e+01
1.827829294296608964e+01
6.345297735902363456e+00
4.509974403529994902e+00
-6.312641464726792861e+01
1.324696263623044672e+02
-2.304855923526378803e+01
-9.865972822497081296e+00
2.375993443273526751e+01
3.662591979684804500e+01
3.052510656825843682e+01
-9.062113208297027711e+00
-1.660140667988128982e+01
4.393233831420603508e+01
-3.163328906064286627e+00
-5.378262782914478457e+00
3.482430610953713312e+00
-2.438950386361560874e+01
-2.020913428661972588e+01
1.080382652634423124e+00
4.462810415994268709e+01
1.115305967912761957e+02
7.813227677858790798e+00
1.250263374761553159e+01
8.742373645118041736e+01
9.351895711558388058e+00
3.551982152806566972e+01
-3.611216290151395469e+01
-1.043068901271296589e+00
-2.621450115720210050e+01
5.657596779742948456e+01
-7.811528374214331549e+00
4.220987802194532890e+01
-9.931730979509222124e+00
-1.326001524575842083e+00
-2.006045421555028518e+00
-7.677034799060452031e+01
-3.153476187609645010e+01
-1.390734165257142152e+01
-4.931774298165093739e+01
2.213365625210077781e+01
-4.689596611090774303e+01
-8.407186454400349618e+00
3.194043568530238986e+01
2.152472284691043569e+01
5.200556920408187978e+01
-2.184194042555721893e+01
1.462900399871518431e+01
-6.110485176174145039e+01
7.390334218400285238e+01
4.688168433337065011e+00
5.236395393007313714e+01
5.330739790582864401e+00
-3.072729691958806697e+01
2.373133675049479585e+00
-1.564629608858474441e+01
-2.777931417227370403e+01
-4.445464370509431262e+01
6.450820155198501027e+01
-7.243627553117866213e+00
3.687155236781229206e+01
-1.942060102476315109e-01
-3.639203665963220402e+01
1.696623725587542708e-03
2.935765089019529128e+01
4.050588208181525118e+01
-1.294093537417970552e+01
-3.570532255067174532e+01
1.131026559742066127e+02
1.198005786336942435e+02
1.777762042235621820e+01
3.967737553014920593e-01
1.450498663279775258e+01
1.561215813740793479e+01
3.842149510819920977e+01
1.779959831338742759e+01
-2.258782304126943075e+01
4.257321197481559949e+01
3.699959959937899612e+01
-1.483866299214267315e+01
-2.122262294632875523e+01
9.529132864497239552e+01
-9.975392923052739391e+00
7.359846483003573780e+01
-1.608625571938670618e+01
2.183980985800323538e+01
4.500392330870901958e+01
7.979956341237959805e+01
7.994133624701835572e+01
-1.216567441493523916e+01
-3.799406885175753246e+01
-1.257039087652247744e+01
-1.226684394711700676e+01
2.819795127443239480e+01
1.896691142035604827e+01
1.324559619675605937e+01
4.076370928941096849e+01
-3.047530731293790751e+01
-4.638081799660116644e+01
5.341559065132290129e+01
1.635131029075543907e+01
-8.680462696700500302e+00
3.471861843586727048e+01
-6.097424773980790746e+00
5.463233040130316454e+01
4.093465142188352957e+01
5.748954538993125141e+00
3.413235896448109941e+01
6.821077566091116751e+01
7.576452787360543084e+01
-1.590269056059218933e+01
2.385758812260995398e+00
-2.849764830804876681e+01
-8.509453631136615570e+00
-1.475332339941365234e+01
-2.326091148386689866e+01
3.171466433513031546e+01
5.278777505830373684e+01
-1.521924412199719256e+01
-3.042468115852833321e+01
-1.299829422466468287e+01
1.764267979167204459e+01
-3.207977091831926941e+01
5.719637259541052288e+00
-2.828465359206837704e+01
4.863673683721542318e+01
3.431183222008652933e+01
1.862523588053810641e+01
3.286923453033355713e+01
2.151142516442060781e+00
-3.003009046889215128e+01
4.975961610541261138e+01
-3.857116158567221476e+01
-1.065780892276362479e+01
-3.812674746846134610e+01
9.406387878616337161e+01
-5.553235344912911842e+01
2.792490498539812549e+01
5.665805162183033872e+01
5.097843953711979026e+01
3.093651136933823409e+01
-1.325216162248309359e+01
1.143063080588059499e+00
-4.473103895254987350e+01
1.085924584294726287e+02
-2.356413722471017991e-02
1.419973500223060725e+01
1.484814039379328676e+01
1.736234548192410898e+01
5.537850653054455563e+01
3.144279855817083913e+01
-3.558827040442983503e+01
-3.220089706637264015e+01
-3.548494078258774209e+01
-2.932149860166463284e+01
-2.119912900636880693e+01
1.117353207265620085e+01
2.365289862107366403e+01
-6.107782438498777111e+00
4.580882220116645698e+01
-8.640324696644053404e+01
3.769728036781097558e+01
1.124377282458716820e+01
4.149452043487099218e+01
-3.432684097724661143e+01
-6.090800007993721010e+00
-2.667041835926486826e+01
2.244070896514242719e+01
2.383522312283047029e+01
-3.652115474801620465e+00
4.001931904916212090e+01
-6.769601979113040180e+00
-8.739587702953356185e+00
-2.722542106586530153e+01
1.296751367742293493e+00
1.395608463598678384e+01
-2.070379077820241065e+01
1.221654214773575653e+01
2.426354433115877285e+00
-3.022108180496012508e+01
-7.933018298013021941e+00
-3.472462455575080753e+01
1.323379835324964802e+02
-5.274511650695119158e+01
5.005734701151867583e+00
5.409978384471767043e+00
-7.332252375214248730e+01
7.689855879686865237e+00
-5.290848760018624830e+01
7.142029685854166310e+00
-1.712196374052700421e+01
3.537631000595407471e+01
-4.652899659322934411e+01
3.366883281083808299e+01
1.771766136566948546e+01
2.866360598529568549e+01
2.607342087060149893e+01
-1.385383848251672667e+01
6.120264767696308894e+00
2.989609468996727770e+01
2.965958080669265229e+01
4.596403193443162394e+01
6.833578012651138067e+01
-3.231551142073680438e+00
-5.854753409201013170e+00
1.601745874818743332e+01
1.698516306477865712e+01
-8.813206520428414237e+00
-2.004453665106704818e+01
5.804787590816604848e+01
2.277199393829163299e+01
-3.328545019318787013e+01
1.422200708444400341e+01
-1.579383774244192651e+01
-8.170433382473065720e+00
-1.465845452053273412e+01
-2.548078597046650273e+01
-5.005020725311649699e+01
-4.828420013737080296e+01
5.280888250200185041e+01
8.738626793460383624e+00
-1.164316446986481424e+01
4.580596281455900964e+01
-3.995596982778437223e+00
9.996629311378885774e+00
7.263329617033555508e+01
-2.172246788305070453e+00
7.010741983309357295e+01
2.139827412803015250e+00
-2.001325361229748800e-01
-1.344919494578519448e+01
-1.767947032036822463e+00
1.935897366587731838e+01
3.311093668324595996e+01
4.863801587398540249e+01
2.373403586090935491e+01
4.202708811046012016e-01
1.360042504334780133e+00
3.119423102447928642e+01
1.334926594947575396e+01
2.309800325148338729e+01
7.440787322182887742e+00
4.348961333955254105e+01
-3.345933038393359027e+01
2.152420693355443504e+01
6.933527327665871098e+00
-5.513722925931400454e+00
9.879819704617602838e+01
2.055425895678802917e+01
3.950044649209516479e+01
3.532365899256912201e+01
5.058305876166219406e+01
3.283505178333063412e+01
2.885666123066030764e+00
2.263201861067741127e+00
1.447527962598641693e+01
-1.494759557864673916e+01
-9.629776644347291636e+00
3.111512333303272015e+01
4.136177344053604088e+01
4.288243040531458661e+00
-8.169877411299966141e+00
-5.977824808384873734e+01
-4.040188489275975314e+01
-5.115401792229399547e+01
-2.483238137087018416e+01
-1.431815491014876329e+01
7.951283053458961803e+00
-4.179016477604508140e+01
8.221072607368320462e+00
-8.364758650594586697e+01
4.281770501374762006e+01
2.860001031882839939e+00
-5.119275129872679031e+01
-1.418046816387458975e+01
-4.283834811439967893e+01
-7.827891930695027156e+01
4.764674710212054265e+01
-1.572772999491262347e+01
-4.234355325406183823e+01
2.462844742944528775e+01
-2.941824467939681398e+01
1.007546544112952631e+02
2.331350105524287386e+01
2.736661540068085685e+01
7.128622802333651975e+00
-3.516320873003681413e+01
-1.899308401828360360e+00
1.566440392996117481e+00
1.823175316632617537e+01
3.422636089168216245e+01
4.753997173670398979e+00
-3.718470680993713984e+01
1.846148450967795895e+00
-3.735576226046899251e+01
3.296380048862005196e+01
-6.148934388632437020e+01
8.311022519610837378e+00
4.368413944633505963e+01
1.613163455705142368e+01
4.474154998507154346e+01
1.392006605786445661e+01
-5.767405432277522337e+00
-3.423093995358089359e+01
3.413859957428041270e+00
3.099671053328443548e+01
-2.379997780857686251e+01
7.609799498031987852e+00
5.132599119783721164e+01
1.158479432177740165e+01
7.695660462964775661e+01
-1.911327070133502204e+01
4.189061664342504798e+01
-4.302040267586600919e+01
6.994376978761908781e+00
-6.261188245373031691e+01
-1.281002615363014563e+01
-1.969184880437708784e+01
-5.074509259949292073e+01
2.632922051839607391e+01
2.268947880654897276e+01
-1.224762879293873397e+01
1.020811116880979625e+02
-2.303578875662003611e+01
1.912743249484876173e+01
-5.602251487734793756e+00
3.095544899912031411e+01
3.046172940972419951e+01
3.501110422733752614e+01
3.518133156350100421e+01
-1.140931950156185515e+01
5.584261974971673226e+01
9.249095540932815140e+01
8.073996747490599546e+01
-1.366219005531636554e+01
1.948521155239552272e+01
-4.097474784970712491e+00
2.505697990034835243e+01
-5.504910455637794797e+00
-1.249264650657475073e+01
-1.345402221174362367e+00
1.038177950593476311e+02
4.236473578191507272e+01
4.806824999353665362e+00
-6.566540627619406933e+00
-8.938318713414968641e+00
-1.000608076686274472e+01
2.754817942662339902e+01
1.710455470182780147e+01
-1.588247575813602452e+01
4.383695490782801585e+01
4.200800873394302926e+01
1.389049208951678871e+01
-1.159112959699685419e+00
-2.646664476635240959e+01
-7.372475731691642054e+00
7.531970772290446803e+01
6.885725492928698088e+01
1.105058417673220550e+00
2.655171823786041330e+01
-7.734223225004441815e-01
4.137955665357926804e+00
3.135167606133082074e+01
2.652834625222926235e+01
6.978693605902890340e+01
-1.958463432867132781e+01
6.581190275379931620e+01
1.015899240561055628e+01
-5.350607514186702218e+01
-2.155646135825786658e+01
-6.413149833392814969e+01
1.487947053544793619e-01
4.118728494622455116e+01
4.064160250274642294e+01
-5.134994340443189031e+00
-9.755465068035956477e+00
-2.086587817349072438e+01
1.708620848933996683e+00
7.180534416348460347e+00
9.176640337649747181e+00
5.676154168886466955e+00
-3.319866283668951468e+01
-2.257192604089247823e+01
-9.232390622579542239e+00
-2.826851329784813771e+01
-2.669234707028094888e+01
3.440167038988217740e-01
-1.463442922180423444e+01
1.118179627192055747e+01
3.481258251032217998e+01
-3.118759261317980958e+01
6.770098088850186713e+00
-6.507147932016943059e+01
1.521202664778163083e+01
1.614319330101443128e+00
-3.697088386415838812e+01
1.937822311458064206e+01
-6.190592187145215419e+00
5.052674849825758763e+00
-1.574527357168351216e+01
2.355905035948724446e+01
-2.573143428991887305e+00
-1.238028607505597023e+01
3.405812092947817860e+01
1.421988813084743342e+00
2.700931652768719005e+01
3.151811248508354169e+01
-4.126444053792600641e+01
4.526217228925654723e+01
7.128708015979009360e+01
-9.744456966179352975e+00
1.155122609833964020e+01
3.954702996126072634e+01
-2.079320099397756749e+01
1.693766468236745482e+00
4.556389754264217373e+01
1.107418914744556915e+01
1.171669430540005408e+01
7.414980947407634915e+00
9.055176940912740946e+00
-8.429391032635404457e+00
-1.628147385859977092e+01
-4.226568052033478295e+01
-2.888513366505587854e+01
-1.820610056053174830e+00
