-2.151106
37.63987
-18.61365
17.72488
13.4916
11.01559
-1.100113
0.8360198
3.973311
33.06572
29.28131
50.14952
1.832961
-46.09347
26.12813
27.42083
-14.3524
-13.15811
-34.86977
22.68821
-6.794337
-31.46688
4.250155
-13.71316
-54.99012
0.2073952
28.36345
10.70639
1.258465
16.91905
24.6724
-31.46208
-40.35553
-36.13798
-20.37438
4.781171
8.724982
15.86489
-41.93947
14.70144
3.933741
25.9759
55.92598
-15.33856
-49.98514
37.18307
-25.80116
25.77106
27.14687
42.61117
15.72741
-30.88641
8.088025
12.33989
41.38663
-4.022791
-26.53282
-18.17589
53.64032
-10.15165
-13.6773
8.010462
11.15925
-11.44841
-6.358497
12.83278
14.3372
13.12396
-15.73016
-39.57048
5.713076
-48.33369
16.64081
-6.813443
3.82297
20.07852
20.38283
4.416574
50.21997
-3.449319
0.1876069
-8.09833
-35.05819
51.4255
-34.52186
3.214971
-27.07414
4.157676
34.75503
41.59347
-12.62637
65.6278
-9.222483
7.545743
-8.002051
-4.636767
-15.53105
11.06942
16.24328
-32.34778
-40.46469
50.17312
-36.2001
19.74484
44.38788
-15.97259
-23.37948
-19.93275
54.853
-40.55636
-17.15672
4.768668
-43.31032
-48.95451
-12.1765
21.2196
-52.10258
57.41216
-19.75461
21.84479
7.664078
-2.097819
33.87484
51.24931
8.01968
40.90421
-38.46986
-57.35689
-48.78557
-4.738238
-8.598052
-16.44144
16.98877
-20.5743
-65.51421
9.72316
-34.35567
41.15264
62.73007
-0.1674038
20.89642
-17.51061
-0.1803676
55.44512
10.14623
83.80293
-11.80402
-45.32357
40.94346
-26.99156
28.11585
-13.6823
52.537
17.54539
16.81807
-21.33526
-7.620704
4.016658
12.08465
27.74664
-5.672502
-51.55943
7.142465
33.76157
10.93643
-12.15431
-38.12722
8.401726
41.12001
64.43519
-13.08147
-13.32272
37.55478
-0.8437689
-5.840532
-77.0439
8.834853
16.25842
43.87969
36.19923
-34.82258
-11.53475
78.81537
-24.04153
15.20792
62.62294
59.26856
-2.455222
45.08948
-56.79172
-49.27846
55.8066
-16.32524
-5.000799
-31.2623
15.97566
43.84878
20.78334
6.029768
36.13668
-18.09051
-8.836286
-58.61384
16.84201
-14.84828
58.03576
-24.13799
9.037759
-49.8382
32.90432
-33.08828
11.83221
48.74963
33.28951
-37.3148
12.75859
5.228499
81.42537
33.35199
59.07801
42.45381
10.11335
-88.48722
-21.77545
6.989722
31.99656
10.98332
34.28858
-0.1037125
54.32938
33.76749
1.861499
11.26836
46.78018
-24.48231
-31.84882
28.11219
4.742977
-7.21039
20.92578
20.38063
-13.88016
-26.80371
66.96994
48.60983
48.42428
57.0776
-22.03873
-40.57165
17.54582
-23.41555
31.02909
1.82007
-42.44954
58.24687
4.070485
-12.85442
28.4369
32.74152
4.065084
40.45701
33.76212
5.988199
-44.95186
-15.34916
0.2867363
20.10252
5.697017
17.83721
-22.72254
-1.337465
20.11174
8.631474
25.47678
-2.991775
22.36857
-43.41013
32.86418
23.83525
34.96455
-59.94308
6.374665
-24.89336
32.61476
20.70133
-15.62219
-20.74698
45.9557
-45.85935
64.48877
-31.97688
30.645
13.7949
-44.13548
9.469519
25.68367
-69.7329
17.48098
1.673085
-11.81541
54.86703
8.208716
-4.44238
13.77412
24.1617
9.054065
65.29715
-2.14334
33.06711
16.76571
11.17482
14.91712
-1.088865
11.67298
-5.040087
-0.6239552
-11.87507
8.193624
-0.9363465
11.4658
31.49225
32.66236
52.74242
-38.87853
13.59934
9.274864
16.63899
4.061971
49.87297
44.18008
68.08273
46.89551
4.154106
-31.20478
-2.413482
-9.535669
-29.66576
-4.101958
56.88581
-14.62509
29.67468
-48.37461
25.9769
69.07385
43.42507
-49.06379
33.65091
23.76732
-11.12634
-23.62243
45.76852
-16.81921
8.944957
-18.96765
-63.69471
51.12735
13.68535
100.5427
0.4148168
-4.798848
-52.01186
-3.251608
14.88622
20.30587
27.14094
29.98629
-19.87652
-53.95714
-39.42313
-11.35576
36.20189
-6.310623
39.43712
17.35635
32.77816
7.502589
-29.42024
-25.42046
19.73554
40.48788
-36.42532
1.501841
2.774075
57.03444
12.44425
49.81311
52.38215
-54.78068
-19.31079
70.94824
45.93458
10.1596
-5.751912
25.06554
-89.78213
20.61674
22.54492
44.00353
32.42044
-28.33974
-41.42101
7.699078
-18.08841
83.77374
-3.861945
76.606
62.55399
66.92651
17.375
15.35938
30.5247
-24.79348
-39.59294
0.2228218
-33.03871
13.63237
-33.32596
36.97571
46.62122
-13.43817
-0.9715622
-17.02235
59.12096
41.281
-17.41452
13.35425
7.882875
0.5655391
38.38691
-7.395927
70.3743
-25.48212
-48.21033
-2.860028
44.22756
64.22192
36.71937
6.763858
-8.990324
-2.743696
-32.67258
58.29263
51.89562
-5.984251
12.6313
49.24288
-5.018131
15.35326
-14.29907
61.97985
33.22636
65.535
-19.96048
30.67976
-27.16674
-9.258346
-3.832568
-30.86965
9.474691
17.05563
-8.367799
32.41039
30.96901
-0.5951077
33.67884
15.94571
21.07236
-22.06675
51.9495
2.184945
53.83322
3.280688
24.63174
48.33812
52.8231
48.07231
12.99158
51.11151
41.15957
-20.14763
39.35331
-20.83819
65.27419
3.487281
-8.946842
13.75423
81.46228
-73.30035
45.11475
68.83497
9.133171
63.03421
47.05461
-25.87427
28.16612
16.49917
-6.415286
4.105024
23.31926
-26.84805
5.653261
-20.6837
67.53879
11.05135
-1.222496
42.65093
40.84475
-29.65182
24.45697
-3.740839
-18.54377
8.223517
14.21118
24.38657
55.25792
37.67662
30.5674
-63.93132
-39.38883
-53.88826
-64.60528
-4.559132
47.07077
18.17255
36.34291
46.80624
20.17263
-66.18873
41.70313
38.13734
-15.61723
-80.04781
-14.26189
3.310073
17.4792
55.07039
-31.0656
-13.4475
52.14634
-5.271174
-20.13298
1.900974
58.7131
3.502868
26.07961
71.75132
1.833251
41.06946
9.35017
15.43323
-13.38792
-11.61797
0.3503715
-17.24323
58.57859
-12.78255
47.9539
14.19971
11.62686
4.48933
-4.874558
30.66641
38.16787
20.21456
-39.3242
28.70386
-8.778789
14.33705
44.62553
88.11219
-76.9594
28.33222
34.09925
0.8747752
38.32581
10.03439
51.15299
-5.01011
26.265
-39.89702
104.4578
27.19087
-11.19585
27.32897
41.69012
-21.54184
-12.93014
-13.74797
42.23518
21.7253
19.99329
24.62761
5.119741
-30.70339
-11.21053
57.40325
78.14389
19.42308
-8.950177
104.7656
11.32876
46.0206
-27.08438
5.062888
-2.127946
59.104
-34.68303
42.50578
-1.759729
10.9089
2.963339
-54.7374
-72.11271
-6.213033
-42.93641
38.3408
14.51886
9.064858
30.15592
32.51065
66.34486
12.28056
20.80314
-48.79441
74.06621
5.976893
71.19105
-8.903973
-33.07969
31.10928
-21.88057
-40.90121
-54.72266
56.71762
4.10162
16.33668
-9.983384
-28.70985
-13.97922
44.87974
73.08724
-9.40888
-13.38629
72.1763
74.89492
9.049545
-13.83998
27.51387
37.17059
-36.05299
24.2938
-19.52334
32.94376
69.7723
-1.31363
7.756441
89.55885
-6.356326
-9.534172
9.772301
28.18198
32.93551
57.08024
73.37162
-7.097041
-39.39072
10.48561
-6.784133
33.1053
39.01355
-0.2398463
44.60129
-26.42862
-17.33037
22.09156
29.31742
11.87971
41.65016
0.2836295
70.04835
30.76365
13.97656
17.4925
72.62325
81.9051
-15.11333
4.644185
-8.632568
-1.6041
8.022518
-42.3616
76.63822
47.88126
-26.38036
-11.56475
-17.633
13.18217
1.800575
-5.31241
-16.2531
44.56838
16.77806
35.30883
36.62424
17.47547
-9.165152
55.38774
-14.6077
14.60203
-43.28823
79.53903
-36.30626
25.34819
51.9269
24.7888
12.9352
19.70779
26.70154
-13.79667
78.2775
1.117583
25.30491
-0.04629222
34.22786
55.8685
70.17739
-3.632128
7.732863
-19.94228
-21.85161
-34.49164
11.80182
43.16632
-11.7635
27.5165
-47.49885
38.4676
9.606158
-35.10713
-26.61929
-41.82803
-8.775106
42.13568
32.42185
17.46867
13.91042
-17.15044
8.488875
-42.27201
0.2568854
-5.621432
-30.07404
35.82925
-24.70581
-9.587752
1.463026
-31.23987
97.09679
-52.71435
41.64561
16.64959
-33.76322
-45.4246
-9.749299
25.5938
-18.13709
37.18014
-49.22079
13.49733
50.77626
40.54186
2.173192
-35.70667
39.16272
27.71623
35.67581
53.6531
53.53708
-27.11662
3.248981
43.38619
-13.25026
25.20969
-25.39508
56.77731
23.46962
-31.03805
11.05128
7.836738
8.84939
3.009534
-24.60268
-21.23153
-45.49573
51.58024
15.88915
27.88376
42.89636
20.00567
23.54899
36.18629
24.2636
23.83537
9.661822
15.74418
-5.413569
6.462744
21.32259
14.01572
40.5489
46.77963
38.8724
-17.10742
19.4923
2.749881
41.79772
9.818087
50.00735
-1.098487
18.39816
21.99402
27.2352
70.48388
7.708385
45.79378
61.94569
35.12773
4.794941
-10.36164
-5.298909
6.489274
-25.03916
-20.8392
47.42164
34.36786
16.05732
10.14428
-38.2934
-53.06357
-17.67261
-15.86782
-1.877462
19.03071
-21.26481
-17.61551
-59.01729
46.75457
-10.58789
-32.12238
-4.592163
-57.63201
-43.09838
59.70756
-7.724365
-28.71476
25.78718
-13.9502
119.2118
45.6755
48.59713
27.20645
-33.17923
19.22415
-15.19452
20.28893
35.96085
-21.37423
-4.501749
35.73988
-30.32178
-6.492837
-32.66483
12.28856
35.61511
5.778652
42.97243
7.880662
-11.80882
-41.89669
36.35006
-12.38686
-6.581792
23.56193
56.20333
14.88662
61.14381
-13.11691
54.92244
-49.06181
-0.2579478
-50.95859
3.96351
0.1192266
-44.49056
36.58945
26.64568
-2.247428
77.18071
-25.10611
26.06256
2.56353
6.517913
33.28343
33.42274
26.6796
27.40124
69.72985
95.44193
70.01781
-23.89745
36.03797
-7.099461
37.12229
-7.950504
-38.89774
23.16065
52.88476
58.34487
22.89928
37.63907
27.97925
-8.770909
26.55032
16.91536
18.75697
48.9272
11.02882
7.562644
2.314439
-34.33886
-13.38671
58.00007
54.97022
-1.180917
38.81359
11.84476
-2.335857
20.39824
10.88564
65.86615
-10.44675
65.2255
19.81114
-37.21531
-8.10719
-28.04313
-27.40659
37.14996
40.65717
4.048199
5.609795
-3.98007
4.573372
-1.953562
40.40978
30.84472
-43.03175
-20.1231
-10.71678
-7.313556
-21.9201
19.53428
-20.36179
-8.610962
28.72805
16.40049
-7.519298
-21.13616
45.43305
-13.56351
-26.82112
18.32986
-13.50243
34.5529
-16.36964
-32.3318
27.6471
-13.89538
40.20834
23.12902
47.77582
45.77147
-20.5708
54.99439
90.3394
12.40518
63.18408
47.45894
7.848694
9.650334
57.13678
14.17946
13.09502
16.0663
2.400148
19.19694
-14.32998
-26.70093
-37.02018
14.4018
